mixbench/read-only (v0.03-1-g3ace732)
------------------------ Device specifications ------------------------
Device:              Tesla P100-SXM2-16GB
CUDA driver version: 10.10
GPU clock rate:      1480 MHz
Memory clock rate:   357 MHz
Memory bus width:    4096 bits
WarpSize:            32
L2 cache size:       4096 KB
Total global mem:    16280 MB
ECC enabled:         Yes
Compute Capability:  6.0
Total SPs:           3584 (56 MPs x 64 SPs/MP)
Compute throughput:  10612.22 GFlops (theoretical single precision FMAs)
Memory bandwidth:    732.16 GB/sec
-----------------------------------------------------------------------
Total GPU memory 17071734784, free 16795959296
Buffer size:          256MB
Trade-off type:       compute with global memory (block strided)
Elements per thread:  8
Thread fusion degree: 4
----------------------------------------------------------------------------- CSV data -----------------------------------------------------------------------------
Experiment ID, Single Precision ops,,,,              Double precision ops,,,,              Half precision ops,,,,                Integer operations,,, 
Compute iters, Flops/byte, ex.time,  GFLOPS, GB/sec, Flops/byte, ex.time,  GFLOPS, GB/sec, Flops/byte, ex.time,  GFLOPS, GB/sec, Iops/byte, ex.time,   GIOPS, GB/sec
            0,      0.250,    0.24,  140.13, 560.51,      0.125,    0.45,   74.55, 596.42,      0.500,    0.23,  286.73, 573.46,     0.250,    0.23,  142.80, 571.20
            1,      0.750,    0.23,  429.16, 572.21,      0.375,    0.45,  222.93, 594.47,      1.500,    0.24,  842.46, 561.64,     0.750,    0.24,  427.76, 570.34
            2,      1.250,    0.23,  715.26, 572.21,      0.625,    0.45,  373.40, 597.44,      2.500,    0.24, 1411.84, 564.74,     1.250,    0.24,  713.90, 571.12
            3,      1.750,    0.24,  998.92, 570.81,      0.875,    0.45,  521.90, 596.46,      3.500,    0.24, 1958.91, 559.69,     1.750,    0.24,  999.46, 571.12
            4,      2.250,    0.23, 1285.19, 571.20,      1.125,    0.45,  670.64, 596.12,      4.500,    0.24, 2517.59, 559.46,     2.250,    0.23, 1285.19, 571.20
            5,      2.750,    0.24, 1569.30, 570.65,      1.375,    0.45,  820.72, 596.88,      5.500,    0.24, 3073.77, 558.87,     2.750,    0.24, 1567.80, 570.11
            6,      3.250,    0.24, 1848.59, 568.80,      1.625,    0.45,  968.35, 595.91,      6.500,    0.24, 3630.71, 558.57,     3.250,    0.24, 1851.60, 569.72
            7,      3.750,    0.24, 2138.21, 570.19,      1.875,    0.45, 1119.40, 597.01,      7.500,    0.24, 4138.03, 551.74,     3.750,    0.24, 2122.62, 566.03
            8,      4.250,    0.24, 2423.63, 570.27,      2.125,    0.45, 1269.64, 597.48,      8.500,    0.24, 4794.46, 564.05,     4.250,    0.32, 1763.53, 414.95
            9,      4.750,    0.24, 2711.71, 570.89,      2.375,    0.45, 1414.68, 595.65,      9.500,    0.24, 5331.27, 561.19,     4.750,    0.24, 2631.48, 554.00
           10,      5.250,    0.23, 3009.85, 573.31,      2.625,    0.45, 1562.93, 595.40,     10.500,    0.24, 5933.74, 565.12,     5.250,    0.25, 2874.69, 547.56
           11,      5.750,    0.24, 3276.35, 569.80,      2.875,    0.45, 1708.63, 594.30,     11.500,    0.25, 6208.59, 539.88,     5.750,    0.26, 2958.45, 514.51
           12,      6.250,    0.23, 3573.39, 571.74,      3.125,    0.45, 1861.29, 595.61,     12.500,    0.26, 6356.55, 508.52,     6.250,    0.37, 2273.19, 363.71
           13,      6.750,    0.24, 3853.48, 570.89,      3.375,    0.45, 2010.91, 595.82,     13.500,    0.28, 6424.22, 475.87,     6.750,    0.29, 3089.43, 457.69
           14,      7.250,    0.24, 4125.45, 569.03,      3.625,    0.45, 2156.49, 594.89,     14.500,    0.30, 6437.75, 443.98,     7.250,    0.31, 3107.37, 428.60
           15,      7.750,    0.24, 4403.39, 568.18,      3.875,    0.45, 2302.93, 594.30,     15.500,    0.32, 6503.12, 419.56,     7.750,    0.33, 3115.08, 401.95
           16,      8.250,    0.24, 4702.77, 570.03,      4.125,    0.45, 2457.25, 595.70,     16.500,    0.34, 6514.12, 394.80,     8.250,    0.46, 2426.75, 294.15
           17,      8.750,    0.24, 4986.43, 569.88,      4.375,    0.45, 2595.85, 593.34,     17.500,    0.36, 6558.28, 374.76,     8.750,    0.38, 3112.29, 355.69
           18,      9.250,    0.24, 5241.46, 566.64,      4.625,    0.45, 2747.88, 594.14,     18.500,    0.38, 6529.89, 352.97,     9.250,    0.40, 3116.00, 336.86
           20,     10.250,    0.24, 5810.46, 566.87,      5.125,    0.45, 3032.49, 591.71,     20.500,    0.42, 6582.20, 321.08,    10.250,    0.56, 2469.65, 240.94
           22,     11.250,    0.24, 6325.19, 562.24,      5.625,    0.46, 3315.48, 589.42,     22.500,    0.46, 6593.90, 293.06,    11.250,    0.49, 3089.70, 274.64
           24,     12.250,    0.24, 6873.61, 561.11,      6.125,    0.45, 3618.33, 590.75,     24.500,    0.50, 6613.49, 269.94,    12.250,    0.66, 2496.37, 203.79
           28,     14.250,    0.24, 7902.79, 554.58,      7.125,    0.46, 4151.48, 582.66,     28.500,    0.58, 6641.72, 233.04,    14.250,    0.76, 2512.03, 176.28
           32,     16.250,    0.25, 8885.08, 546.77,      8.125,    0.46, 4722.01, 581.17,     32.500,    0.65, 6660.23, 204.93,    16.250,    0.86, 2523.13, 155.27
           40,     20.250,    0.29, 9364.35, 462.44,     10.125,    0.54, 5019.78, 495.78,     40.500,    0.80, 6768.24, 167.12,    20.250,    1.07, 2538.85, 125.38
           48,     24.250,    0.34, 9549.51, 393.79,     12.125,    0.64, 5061.55, 417.45,     48.500,    0.96, 6758.94, 139.36,    24.250,    1.27, 2552.88, 105.27
           56,     28.250,    0.39, 9834.75, 348.13,     14.125,    0.74, 5100.25, 361.08,     56.500,    1.15, 6594.08, 116.71,    28.250,    1.50, 2533.12,  89.67
           64,     32.250,    0.44, 9940.94, 308.25,     16.125,    0.85, 5120.81, 317.57,     64.500,    1.32, 6548.68, 101.53,    32.250,    1.68, 2569.65,  79.68
           80,     40.250,    0.54,10035.12, 249.32,     20.125,    1.06, 5086.49, 252.75,     80.500,    1.67, 6475.05,  80.44,    40.250,    2.12, 2552.17,  63.41
           96,     48.250,    0.64,10139.04, 210.14,     24.125,    1.25, 5175.97, 214.55,     96.500,    2.07, 6246.53,  64.73,    48.250,    2.54, 2551.99,  52.89
          128,     64.250,    0.86,10054.25, 156.49,     32.125,    1.66, 5194.87, 161.71,    128.500,    2.86, 6026.16,  46.90,    64.250,    3.41, 2528.97,  39.36
          192,     96.250,    1.29,10039.09, 104.30,     48.125,    2.47, 5219.63, 108.46,    192.500,    4.51, 5732.49,  29.78,    96.250,    5.04, 2562.08,  26.62
          256,    128.250,    1.91, 9026.40,  70.38,     64.125,    4.35, 3959.13,  61.74,    256.500,    6.17, 5576.61,  21.74,   128.250,    6.73, 2558.89,  19.95
--------------------------------------------------------------------------------------------------------------------------------------------------------------------
