mixbench/read-only (v0.03-1-g3ace732)
------------------------ Device specifications ------------------------
Device:              Quadro K6000
CUDA driver version: 10.10
GPU clock rate:      901 MHz
Memory clock rate:   1502 MHz
Memory bus width:    384 bits
WarpSize:            32
L2 cache size:       1536 KB
Total global mem:    12206 MB
ECC enabled:         No
Compute Capability:  3.5
Total SPs:           2880 (15 MPs x 192 SPs/MP)
Compute throughput:  5192.64 GFlops (theoretical single precision FMAs)
Memory bandwidth:    288.38 GB/sec
-----------------------------------------------------------------------
Total GPU memory 12799574016, free 12719554560
Buffer size:          256MB
Trade-off type:       compute with global memory (block strided)
Elements per thread:  8
Thread fusion degree: 4
Warning:              Half precision computations are not supported
----------------------------------------------------------------------------- CSV data -----------------------------------------------------------------------------
Experiment ID, Single Precision ops,,,,              Double precision ops,,,,              Half precision ops,,,,                Integer operations,,, 
Compute iters, Flops/byte, ex.time,  GFLOPS, GB/sec, Flops/byte, ex.time,  GFLOPS, GB/sec, Flops/byte, ex.time,  GFLOPS, GB/sec, Iops/byte, ex.time,   GIOPS, GB/sec
            0,      0.250,    0.55,   61.11, 244.45,      0.125,    1.08,   31.11, 248.87,      0.500,    0.00,     inf,    inf,     0.250,    0.54,   61.61, 246.45
            1,      0.750,    0.54,  184.75, 246.33,      0.375,    1.08,   93.61, 249.62,      1.500,    0.00,     inf,    inf,     0.750,    0.55,  182.86, 243.81
            2,      1.250,    0.55,  307.00, 245.60,      0.625,    1.08,  155.83, 249.33,      2.500,    0.00,     inf,    inf,     1.250,    0.55,  304.68, 243.74
            3,      1.750,    0.54,  431.16, 246.38,      0.875,    1.08,  218.31, 249.50,      3.500,    0.00,     inf,    inf,     1.750,    0.55,  430.88, 246.22
            4,      2.250,    0.54,  555.10, 246.71,      1.125,    1.08,  280.03, 248.91,      4.500,    0.00,     inf,    inf,     2.250,    0.55,  551.98, 245.32
            5,      2.750,    0.55,  669.47, 243.44,      1.375,    1.07,  343.54, 249.85,      5.500,    0.00,     inf,    inf,     2.750,    0.59,  624.19, 226.98
            6,      3.250,    0.54,  800.58, 246.33,      1.625,    1.08,  402.51, 247.70,      6.500,    0.00,     inf,    inf,     3.250,    0.67,  655.55, 201.71
            7,      3.750,    0.54,  924.40, 246.51,      1.875,    1.08,  467.89, 249.54,      7.500,    0.00,     inf,    inf,     3.750,    0.74,  679.04, 181.08
            8,      4.250,    0.55, 1035.30, 243.60,      2.125,    1.07,  530.69, 249.74,      8.500,    0.00,     inf,    inf,     4.250,    1.00,  571.93, 134.57
            9,      4.750,    0.55, 1167.61, 245.81,      2.375,    1.07,  593.44, 249.87,      9.500,    0.00,     inf,    inf,     4.750,    0.91,  698.51, 147.06
           10,      5.250,    0.55, 1291.27, 245.96,      2.625,    1.08,  655.40, 249.68,     10.500,    0.00,     inf,    inf,     5.250,    1.00,  705.98, 134.47
           11,      5.750,    0.55, 1412.60, 245.67,      2.875,    1.07,  718.69, 249.98,     11.500,    0.00,     inf,    inf,     5.750,    1.08,  712.16, 123.85
           12,      6.250,    0.55, 1537.05, 245.93,      3.125,    1.07,  780.98, 249.91,     12.500,    0.00,     inf,    inf,     6.250,    1.34,  625.42, 100.07
           13,      6.750,    0.55, 1655.55, 245.27,      3.375,    1.08,  840.83, 249.13,     13.500,    0.00,     inf,    inf,     6.750,    1.26,  719.90, 106.65
           14,      7.250,    0.55, 1768.05, 243.87,      3.625,    1.08,  902.84, 249.06,     14.500,    0.00,     inf,    inf,     7.250,    1.34,  723.93,  99.85
           15,      7.750,    0.55, 1900.26, 245.19,      3.875,    1.07,  968.21, 249.86,     15.500,    0.00,     inf,    inf,     7.750,    1.43,  727.25,  93.84
           16,      8.250,    0.55, 2027.01, 245.70,      4.125,    1.08, 1027.95, 249.20,     16.500,    0.00,     inf,    inf,     8.250,    1.69,  653.66,  79.23
           17,      8.750,    0.55, 2143.95, 245.02,      4.375,    1.08, 1088.70, 248.85,     17.500,    0.00,     inf,    inf,     8.750,    1.60,  732.95,  83.77
           18,      9.250,    0.55, 2268.45, 245.24,      4.625,    1.08, 1145.00, 247.57,     18.500,    0.00,     inf,    inf,     9.250,    1.68,  737.63,  79.74
           20,     10.250,    0.56, 2469.22, 240.90,      5.125,    1.13, 1214.76, 237.03,     20.500,    0.00,     inf,    inf,    10.250,    2.04,  674.16,  65.77
           22,     11.250,    0.56, 2719.02, 241.69,      5.625,    1.18, 1281.88, 227.89,     22.500,    0.00,     inf,    inf,    11.250,    2.02,  747.05,  66.40
           24,     12.250,    0.58, 2857.31, 233.25,      6.125,    1.27, 1298.56, 212.01,     24.500,    0.00,     inf,    inf,    12.250,    2.38,  689.45,  56.28
           28,     14.250,    0.61, 3115.72, 218.65,      7.125,    1.41, 1356.96, 190.45,     28.500,    0.00,     inf,    inf,    14.250,    2.73,  699.92,  49.12
           32,     16.250,    0.68, 3229.75, 198.75,      8.125,    1.55, 1406.56, 173.11,     32.500,    0.00,     inf,    inf,    16.250,    3.08,  707.75,  43.55
           40,     20.250,    0.81, 3346.12, 165.24,     10.125,    1.88, 1447.99, 143.01,     40.500,    0.00,     inf,    inf,    20.250,    3.78,  719.71,  35.54
           48,     24.250,    0.95, 3424.53, 141.22,     12.125,    2.23, 1462.66, 120.63,     48.500,    0.00,     inf,    inf,    24.250,    4.47,  728.48,  30.04
           56,     28.250,    1.10, 3450.37, 122.14,     14.125,    2.58, 1471.62, 104.19,     56.500,    0.00,     inf,    inf,    28.250,    5.16,  734.38,  26.00
           64,     32.250,    1.24, 3501.95, 108.59,     16.125,    2.93, 1476.34,  91.56,     64.500,    0.00,     inf,    inf,    32.250,    5.86,  738.20,  22.89
           80,     40.250,    1.52, 3546.95,  88.12,     20.125,    3.63, 1488.46,  73.96,     80.500,    0.00,     inf,    inf,    40.250,    7.25,  745.55,  18.52
           96,     48.250,    1.81, 3587.19,  74.35,     24.125,    4.31, 1501.12,  62.22,     96.500,    0.00,     inf,    inf,    48.250,    8.67,  747.09,  15.48
          128,     64.250,    2.37, 3641.97,  56.68,     32.125,    5.69, 1515.14,  47.16,    128.500,    0.00,     inf,    inf,    64.250,   11.49,  750.43,  11.68
          192,     96.250,    3.65, 3542.33,  36.80,     48.125,    8.48, 1523.05,  31.65,    192.500,    0.00,     inf,    inf,    96.250,   16.97,  761.47,   7.91
          256,    128.250,    5.83, 2950.67,  23.01,     64.125,   11.57, 1487.85,  23.20,    256.500,    0.00,     inf,    inf,   128.250,   22.52,  764.48,   5.96
--------------------------------------------------------------------------------------------------------------------------------------------------------------------
