mixbench/read-only (v0.03-1-g3ace732)
------------------------ Device specifications ------------------------
Device:              Tesla V100-SXM2-16GB
CUDA driver version: 10.10
GPU clock rate:      1530 MHz
Memory clock rate:   438 MHz
Memory bus width:    4096 bits
WarpSize:            32
L2 cache size:       6144 KB
Total global mem:    16128 MB
ECC enabled:         Yes
Compute Capability:  7.0
Total SPs:           5120 (80 MPs x 64 SPs/MP)
Compute throughput:  15667.20 GFlops (theoretical single precision FMAs)
Memory bandwidth:    898.05 GB/sec
-----------------------------------------------------------------------
Total GPU memory 16914055168, free 16581066752
Buffer size:          256MB
Trade-off type:       compute with global memory (block strided)
Elements per thread:  8
Thread fusion degree: 4
----------------------------------------------------------------------------- CSV data -----------------------------------------------------------------------------
Experiment ID, Single Precision ops,,,,              Double precision ops,,,,              Half precision ops,,,,                Integer operations,,, 
Compute iters, Flops/byte, ex.time,  GFLOPS, GB/sec, Flops/byte, ex.time,  GFLOPS, GB/sec, Flops/byte, ex.time,  GFLOPS, GB/sec, Iops/byte, ex.time,   GIOPS, GB/sec
            0,      0.250,    0.16,  204.12, 816.49,      0.125,    0.31,  107.67, 861.34,      0.500,    0.16,  417.01, 834.02,     0.250,    0.16,  209.21, 836.85
            1,      0.750,    0.16,  624.77, 833.03,      0.375,    0.31,  323.40, 862.40,      1.500,    0.16, 1255.53, 837.02,     0.750,    0.16,  627.89, 837.19
            2,      1.250,    0.16, 1044.40, 835.52,      0.625,    0.31,  538.45, 861.52,      2.500,    0.16, 2093.80, 837.52,     1.250,    0.16, 1047.95, 838.36
            3,      1.750,    0.16, 1458.09, 833.20,      0.875,    0.31,  756.47, 864.54,      3.500,    0.16, 2917.34, 833.53,     1.750,    0.16, 1467.42, 838.53
            4,      2.250,    0.16, 1877.30, 834.36,      1.125,    0.31,  974.11, 865.88,      4.500,    0.16, 3748.63, 833.03,     2.250,    0.16, 1876.18, 833.86
            5,      2.750,    0.16, 2296.76, 835.19,      1.375,    0.31, 1185.20, 861.96,      5.500,    0.16, 4580.75, 832.86,     2.750,    0.16, 2286.74, 831.54
            6,      3.250,    0.16, 2693.44, 828.75,      1.625,    0.31, 1402.42, 863.03,      6.500,    0.16, 5426.55, 834.85,     3.250,    0.16, 2710.58, 834.02
            7,      3.750,    0.16, 3124.48, 833.20,      1.875,    0.31, 1612.53, 860.02,      7.500,    0.16, 6267.64, 835.69,     3.750,    0.16, 3128.83, 834.36
            8,      4.250,    0.16, 3534.76, 831.71,      2.125,    0.31, 1823.24, 857.99,      8.500,    0.16, 7100.49, 835.35,     4.250,    0.18, 3239.87, 762.32
            9,      4.750,    0.16, 3945.14, 830.56,      2.375,    0.31, 2039.82, 858.87,      9.500,    0.16, 7910.64, 832.70,     4.750,    0.16, 3935.01, 828.42
           10,      5.250,    0.16, 4331.25, 825.00,      2.625,    0.31, 2249.24, 856.85,     10.500,    0.16, 8623.50, 821.29,     5.250,    0.16, 4328.70, 824.51
           11,      5.750,    0.16, 4749.36, 825.98,      2.875,    0.31, 2470.02, 859.14,     11.500,    0.16, 9504.33, 826.46,     5.750,    0.16, 4737.23, 823.87
           12,      6.250,    0.16, 5141.09, 822.57,      3.125,    0.31, 2665.69, 853.02,     12.500,    0.16,10232.01, 818.56,     6.250,    0.18, 4658.68, 745.39
           13,      6.750,    0.16, 5553.46, 822.74,      3.375,    0.31, 2885.69, 855.02,     13.500,    0.16,11074.34, 820.32,     6.750,    0.16, 5548.02, 821.93
           14,      7.250,    0.16, 5963.66, 822.57,      3.625,    0.32, 3072.83, 847.68,     14.500,    0.16,11960.16, 824.84,     7.250,    0.16, 5919.55, 816.49
           15,      7.750,    0.16, 6353.76, 819.84,      3.875,    0.32, 3285.08, 847.76,     15.500,    0.16,12764.92, 823.54,     7.750,    0.17, 6258.35, 807.53
           16,      8.250,    0.16, 6788.90, 822.90,      4.125,    0.32, 3513.00, 851.64,     16.500,    0.16,13631.28, 826.14,     8.250,    0.19, 5981.51, 725.03
           17,      8.750,    0.17, 7094.56, 810.81,      4.375,    0.32, 3713.09, 848.71,     17.500,    0.16,14269.11, 815.38,     8.750,    0.17, 7001.18, 800.13
           18,      9.250,    0.16, 7561.35, 817.44,      4.625,    0.32, 3908.66, 845.11,     18.500,    0.16,15170.01, 820.00,     9.250,    0.17, 7435.28, 803.81
           20,     10.250,    0.17, 8333.32, 813.01,      5.125,    0.32, 4317.73, 842.48,     20.500,    0.16,16780.49, 818.56,    10.250,    0.19, 7172.44, 699.75
           22,     11.250,    0.17, 9114.53, 810.18,      5.625,    0.32, 4691.38, 834.02,     22.500,    0.16,18371.00, 816.49,    11.250,    0.17, 8879.55, 789.29
           24,     12.250,    0.17, 9755.12, 796.34,      6.125,    0.32, 5133.40, 838.11,     24.500,    0.17,19674.60, 803.04,    12.250,    0.20, 8256.50, 674.00
           28,     14.250,    0.18,10784.70, 756.82,      7.125,    0.32, 5887.39, 826.30,     28.500,    0.17,22834.32, 801.20,    14.250,    0.21, 9097.23, 638.40
           32,     16.250,    0.19,11536.47, 709.94,      8.125,    0.35, 6198.95, 762.95,     32.500,    0.18,23698.69, 729.19,    16.250,    0.23, 9598.29, 590.66
           40,     20.250,    0.23,11888.95, 587.11,     10.125,    0.43, 6268.70, 619.13,     40.500,    0.22,24294.81, 599.87,    20.250,    0.27,10020.61, 494.84
           48,     24.250,    0.27,12251.49, 505.22,     12.125,    0.51, 6331.27, 522.17,     48.500,    0.26,24582.93, 506.86,    24.250,    0.32,10222.30, 421.54
           56,     28.250,    0.30,12488.31, 442.06,     14.125,    0.60, 6362.51, 450.44,     56.500,    0.30,24945.07, 441.51,    28.250,    0.37,10356.53, 366.60
           64,     32.250,    0.34,12553.72, 389.26,     16.125,    0.68, 6399.20, 396.85,     64.500,    0.34,25098.12, 389.12,    32.250,    0.41,10450.12, 324.03
           80,     40.250,    0.43,12688.52, 315.24,     20.125,    0.84, 6445.51, 320.27,     80.500,    0.43,25363.69, 315.08,    40.250,    0.51,10583.71, 262.95
           96,     48.250,    0.51,12790.74, 265.09,     24.125,    1.00, 6475.59, 268.42,     96.500,    0.51,25575.02, 265.03,    48.250,    0.61,10658.62, 220.90
          128,     64.250,    0.67,12882.88, 200.51,     32.125,    1.32, 6508.65, 202.60,    128.500,    0.67,25755.90, 200.44,    64.250,    0.80,10743.69, 167.22
          192,     96.250,    1.00,12924.25, 134.28,     48.125,    1.97, 6546.80, 136.04,    192.500,    1.00,25929.85, 134.70,    96.250,    1.19,10855.12, 112.78
          256,    128.250,    1.33,12959.11, 101.05,     64.125,    2.72, 6328.61,  98.69,    256.500,    1.33,25852.81, 100.79,   128.250,    1.60,10777.79,  84.04
--------------------------------------------------------------------------------------------------------------------------------------------------------------------
